1 0.457143 0.837728 0.037143 0.068966
1 0.465000 0.697769 0.050000 0.064909
1 0.462143 0.611562 0.055714 0.079108
1 0.507857 0.565923 0.052857 0.064909
1 0.462857 0.493915 0.048571 0.058824
1 0.458571 0.352941 0.040000 0.060852
1 0.550714 0.402637 0.050000 0.066937
1 0.542143 0.471602 0.035714 0.058824
1 0.577857 0.451318 0.038571 0.079108
1 0.620714 0.456389 0.055714 0.081136
1 0.645714 0.520284 0.045714 0.087221
1 0.688571 0.500000 0.057143 0.111562
1 0.680000 0.605477 0.042857 0.070994
1 0.735714 0.603448 0.048571 0.087221
1 0.722143 0.699797 0.055714 0.073022
1 0.742143 0.771805 0.064286 0.062880
